 frequency    ntf_gmc_fd_db ntf_ref_se_db
 6.55360e+00 -2.02276e+02 -2.11909e+02 
 6.70663e+00 -2.01797e+02 -2.11107e+02 
 6.86323e+00 -2.01311e+02 -2.10305e+02 
 7.02349e+00 -2.00817e+02 -2.09503e+02 
 7.18749e+00 -2.00316e+02 -2.08701e+02 
 7.35532e+00 -1.99808e+02 -2.07899e+02 
 7.52707e+00 -1.99292e+02 -2.07097e+02 
 7.70283e+00 -1.98769e+02 -2.06295e+02 
 7.88269e+00 -1.98238e+02 -2.05493e+02 
 8.06675e+00 -1.97700e+02 -2.04691e+02 
 8.25511e+00 -1.97156e+02 -2.03889e+02 
 8.44787e+00 -1.96604e+02 -2.03087e+02 
 8.64513e+00 -1.96045e+02 -2.02285e+02 
 8.84700e+00 -1.95479e+02 -2.01483e+02 
 9.05358e+00 -1.94906e+02 -2.00681e+02 
 9.26498e+00 -1.94327e+02 -1.99879e+02 
 9.48132e+00 -1.93741e+02 -1.99077e+02 
 9.70271e+00 -1.93148e+02 -1.98276e+02 
 9.92927e+00 -1.92549e+02 -1.97474e+02 
 1.01611e+01 -1.91944e+02 -1.96672e+02 
 1.03984e+01 -1.91332e+02 -1.95870e+02 
 1.06412e+01 -1.90715e+02 -1.95068e+02 
 1.08897e+01 -1.90091e+02 -1.94266e+02 
 1.11439e+01 -1.89462e+02 -1.93464e+02 
 1.14042e+01 -1.88827e+02 -1.92662e+02 
 1.16705e+01 -1.88186e+02 -1.91860e+02 
 1.19430e+01 -1.87540e+02 -1.91058e+02 
 1.22218e+01 -1.86889e+02 -1.90256e+02 
 1.25072e+01 -1.86232e+02 -1.89454e+02 
 1.27993e+01 -1.85570e+02 -1.88652e+02 
 1.30981e+01 -1.84904e+02 -1.87850e+02 
 1.34040e+01 -1.84232e+02 -1.87048e+02 
 1.37170e+01 -1.83556e+02 -1.86246e+02 
 1.40373e+01 -1.82875e+02 -1.85444e+02 
 1.43650e+01 -1.82190e+02 -1.84642e+02 
 1.47005e+01 -1.81501e+02 -1.83840e+02 
 1.50437e+01 -1.80807e+02 -1.83039e+02 
 1.53950e+01 -1.80109e+02 -1.82237e+02 
 1.57545e+01 -1.79408e+02 -1.81435e+02 
 1.61223e+01 -1.78702e+02 -1.80633e+02 
 1.64988e+01 -1.77993e+02 -1.79831e+02 
 1.68840e+01 -1.77280e+02 -1.79029e+02 
 1.72783e+01 -1.76564e+02 -1.78227e+02 
 1.76817e+01 -1.75845e+02 -1.77425e+02 
 1.80946e+01 -1.75122e+02 -1.76623e+02 
 1.85171e+01 -1.74396e+02 -1.75821e+02 
 1.89495e+01 -1.73667e+02 -1.75019e+02 
 1.93920e+01 -1.72935e+02 -1.74217e+02 
 1.98448e+01 -1.72200e+02 -1.73415e+02 
 2.03082e+01 -1.71463e+02 -1.72613e+02 
 2.07824e+01 -1.70723e+02 -1.71811e+02 
 2.12677e+01 -1.69981e+02 -1.71009e+02 
 2.17643e+01 -1.69236e+02 -1.70207e+02 
 2.22725e+01 -1.68488e+02 -1.69405e+02 
 2.27925e+01 -1.67739e+02 -1.68603e+02 
 2.33247e+01 -1.66987e+02 -1.67802e+02 
 2.38694e+01 -1.66233e+02 -1.67000e+02 
 2.44267e+01 -1.65478e+02 -1.66198e+02 
 2.49971e+01 -1.64720e+02 -1.65396e+02 
 2.55808e+01 -1.63960e+02 -1.64594e+02 
 2.61781e+01 -1.63199e+02 -1.63792e+02 
 2.67894e+01 -1.62436e+02 -1.62990e+02 
 2.74149e+01 -1.61671e+02 -1.62188e+02 
 2.80551e+01 -1.60905e+02 -1.61386e+02 
 2.87102e+01 -1.60137e+02 -1.60584e+02 
 2.93806e+01 -1.59368e+02 -1.59782e+02 
 3.00666e+01 -1.58597e+02 -1.58980e+02 
 3.07687e+01 -1.57825e+02 -1.58178e+02 
 3.14871e+01 -1.57052e+02 -1.57376e+02 
 3.22224e+01 -1.56277e+02 -1.56574e+02 
 3.29748e+01 -1.55501e+02 -1.55772e+02 
 3.37447e+01 -1.54725e+02 -1.54970e+02 
 3.45327e+01 -1.53947e+02 -1.54169e+02 
 3.53390e+01 -1.53168e+02 -1.53367e+02 
 3.61642e+01 -1.52388e+02 -1.52565e+02 
 3.70086e+01 -1.51607e+02 -1.51763e+02 
 3.78728e+01 -1.50825e+02 -1.50961e+02 
 3.87571e+01 -1.50042e+02 -1.50159e+02 
 3.96621e+01 -1.49259e+02 -1.49357e+02 
 4.05883e+01 -1.48474e+02 -1.48555e+02 
 4.15360e+01 -1.47689e+02 -1.47753e+02 
 4.25059e+01 -1.46903e+02 -1.46951e+02 
 4.34984e+01 -1.46117e+02 -1.46149e+02 
 4.45141e+01 -1.45329e+02 -1.45347e+02 
 4.55535e+01 -1.44542e+02 -1.44545e+02 
 4.66172e+01 -1.43753e+02 -1.43743e+02 
 4.77057e+01 -1.42964e+02 -1.42941e+02 
 4.88197e+01 -1.42174e+02 -1.42139e+02 
 4.99596e+01 -1.41384e+02 -1.41337e+02 
 5.11262e+01 -1.40593e+02 -1.40535e+02 
 5.23200e+01 -1.39802e+02 -1.39734e+02 
 5.35417e+01 -1.39010e+02 -1.38932e+02 
 5.47919e+01 -1.38218e+02 -1.38130e+02 
 5.60713e+01 -1.37426e+02 -1.37328e+02 
 5.73806e+01 -1.36633e+02 -1.36526e+02 
 5.87204e+01 -1.35839e+02 -1.35724e+02 
 6.00916e+01 -1.35045e+02 -1.34922e+02 
 6.14947e+01 -1.34251e+02 -1.34120e+02 
 6.29306e+01 -1.33457e+02 -1.33318e+02 
 6.44001e+01 -1.32662e+02 -1.32516e+02 
 6.59039e+01 -1.31867e+02 -1.31714e+02 
 6.74427e+01 -1.31071e+02 -1.30912e+02 
 6.90175e+01 -1.30276e+02 -1.30110e+02 
 7.06291e+01 -1.29480e+02 -1.29308e+02 
 7.22783e+01 -1.28683e+02 -1.28506e+02 
 7.39660e+01 -1.27887e+02 -1.27704e+02 
 7.56932e+01 -1.27090e+02 -1.26902e+02 
 7.74606e+01 -1.26293e+02 -1.26101e+02 
 7.92694e+01 -1.25496e+02 -1.25299e+02 
 8.11203e+01 -1.24699e+02 -1.24497e+02 
 8.30145e+01 -1.23901e+02 -1.23695e+02 
 8.49529e+01 -1.23103e+02 -1.22893e+02 
 8.69366e+01 -1.22305e+02 -1.22091e+02 
 8.89666e+01 -1.21507e+02 -1.21289e+02 
 9.10440e+01 -1.20709e+02 -1.20487e+02 
 9.31699e+01 -1.19910e+02 -1.19685e+02 
 9.53454e+01 -1.19112e+02 -1.18883e+02 
 9.75717e+01 -1.18313e+02 -1.18081e+02 
 9.98501e+01 -1.17514e+02 -1.17279e+02 
 1.02182e+02 -1.16715e+02 -1.16477e+02 
 1.04568e+02 -1.15916e+02 -1.15675e+02 
 1.07009e+02 -1.15116e+02 -1.14873e+02 
 1.09508e+02 -1.14317e+02 -1.14071e+02 
 1.12065e+02 -1.13517e+02 -1.13270e+02 
 1.14682e+02 -1.12718e+02 -1.12468e+02 
 1.17360e+02 -1.11918e+02 -1.11666e+02 
 1.20100e+02 -1.11118e+02 -1.10864e+02 
 1.22904e+02 -1.10318e+02 -1.10062e+02 
 1.25774e+02 -1.09518e+02 -1.09260e+02 
 1.28711e+02 -1.08718e+02 -1.08458e+02 
 1.31716e+02 -1.07918e+02 -1.07656e+02 
 1.34792e+02 -1.07118e+02 -1.06854e+02 
 1.37940e+02 -1.06318e+02 -1.06052e+02 
 1.41160e+02 -1.05517e+02 -1.05250e+02 
 1.44457e+02 -1.04717e+02 -1.04448e+02 
 1.47830e+02 -1.03916e+02 -1.03646e+02 
 1.51282e+02 -1.03116e+02 -1.02844e+02 
 1.54814e+02 -1.02315e+02 -1.02043e+02 
 1.58429e+02 -1.01515e+02 -1.01241e+02 
 1.62128e+02 -1.00714e+02 -1.00439e+02 
 1.65914e+02 -9.99131e+01 -9.96368e+01 
 1.69788e+02 -9.91124e+01 -9.88348e+01 
 1.73753e+02 -9.83116e+01 -9.80329e+01 
 1.77810e+02 -9.75107e+01 -9.72310e+01 
 1.81962e+02 -9.67098e+01 -9.64291e+01 
 1.86211e+02 -9.59089e+01 -9.56272e+01 
 1.90559e+02 -9.51080e+01 -9.48252e+01 
 1.95008e+02 -9.43070e+01 -9.40233e+01 
 1.99562e+02 -9.35060e+01 -9.32214e+01 
 2.04222e+02 -9.27049e+01 -9.24195e+01 
 2.08990e+02 -9.19039e+01 -9.16176e+01 
 2.13870e+02 -9.11028e+01 -9.08157e+01 
 2.18864e+02 -9.03017e+01 -9.00138e+01 
 2.23975e+02 -8.95006e+01 -8.92119e+01 
 2.29205e+02 -8.86995e+01 -8.84100e+01 
 2.34557e+02 -8.78984e+01 -8.76081e+01 
 2.40034e+02 -8.70972e+01 -8.68062e+01 
 2.45638e+02 -8.62961e+01 -8.60043e+01 
 2.51374e+02 -8.54949e+01 -8.52024e+01 
 2.57244e+02 -8.46937e+01 -8.44005e+01 
 2.63251e+02 -8.38925e+01 -8.35986e+01 
 2.69398e+02 -8.30913e+01 -8.27967e+01 
 2.75688e+02 -8.22902e+01 -8.19949e+01 
 2.82125e+02 -8.14890e+01 -8.11930e+01 
 2.88713e+02 -8.06878e+01 -8.03911e+01 
 2.95455e+02 -7.98866e+01 -7.95892e+01 
 3.02354e+02 -7.90854e+01 -7.87874e+01 
 3.09414e+02 -7.82842e+01 -7.79855e+01 
 3.16639e+02 -7.74831e+01 -7.71836e+01 
 3.24032e+02 -7.66819e+01 -7.63818e+01 
 3.31598e+02 -7.58808e+01 -7.55799e+01 
 3.39341e+02 -7.50796e+01 -7.47781e+01 
 3.47265e+02 -7.42785e+01 -7.39762e+01 
 3.55374e+02 -7.34774e+01 -7.31744e+01 
 3.63672e+02 -7.26763e+01 -7.23726e+01 
 3.72164e+02 -7.18752e+01 -7.15707e+01 
 3.80854e+02 -7.10742e+01 -7.07689e+01 
 3.89747e+02 -7.02732e+01 -6.99671e+01 
 3.98848e+02 -6.94722e+01 -6.91653e+01 
 4.08161e+02 -6.86712e+01 -6.83635e+01 
 4.17691e+02 -6.78702e+01 -6.75617e+01 
 4.27445e+02 -6.70693e+01 -6.67599e+01 
 4.37426e+02 -6.62684e+01 -6.59581e+01 
 4.47640e+02 -6.54676e+01 -6.51563e+01 
 4.58092e+02 -6.46667e+01 -6.43545e+01 
 4.68789e+02 -6.38660e+01 -6.35528e+01 
 4.79735e+02 -6.30652e+01 -6.27510e+01 
 4.90937e+02 -6.22645e+01 -6.19493e+01 
 5.02400e+02 -6.14639e+01 -6.11475e+01 
 5.14132e+02 -6.06633e+01 -6.03458e+01 
 5.26137e+02 -5.98627e+01 -5.95441e+01 
 5.38422e+02 -5.90622e+01 -5.87423e+01 
 5.50994e+02 -5.82618e+01 -5.79406e+01 
 5.63860e+02 -5.74614e+01 -5.71389e+01 
 5.77027e+02 -5.66610e+01 -5.63373e+01 
 5.90500e+02 -5.58608e+01 -5.55356e+01 
 6.04289e+02 -5.50606e+01 -5.47339e+01 
 6.18399e+02 -5.42604e+01 -5.39323e+01 
 6.32839e+02 -5.34603e+01 -5.31306e+01 
 6.47616e+02 -5.26604e+01 -5.23290e+01 
 6.62738e+02 -5.18604e+01 -5.15274e+01 
 6.78213e+02 -5.10606e+01 -5.07258e+01 
 6.94049e+02 -5.02608e+01 -4.99242e+01 
 7.10256e+02 -4.94612e+01 -4.91226e+01 
 7.26840e+02 -4.86616e+01 -4.83210e+01 
 7.43812e+02 -4.78621e+01 -4.75194e+01 
 7.61180e+02 -4.70627e+01 -4.67179e+01 
 7.78954e+02 -4.62634e+01 -4.59163e+01 
 7.97143e+02 -4.54642e+01 -4.51148e+01 
 8.15756e+02 -4.46651e+01 -4.43132e+01 
 8.34805e+02 -4.38661e+01 -4.35117e+01 
 8.54297e+02 -4.30672e+01 -4.27102e+01 
 8.74246e+02 -4.22684e+01 -4.19087e+01 
 8.94659e+02 -4.14697e+01 -4.11072e+01 
 9.15550e+02 -4.06711e+01 -4.03057e+01 
 9.36928e+02 -3.98727e+01 -3.95041e+01 
 9.58806e+02 -3.90743e+01 -3.87026e+01 
 9.81194e+02 -3.82761e+01 -3.79011e+01 
 1.00411e+03 -3.74780e+01 -3.70995e+01 
 1.02755e+03 -3.66800e+01 -3.62980e+01 
 1.05155e+03 -3.58821e+01 -3.54964e+01 
 1.07610e+03 -3.50843e+01 -3.46948e+01 
 1.10123e+03 -3.42867e+01 -3.38931e+01 
 1.12694e+03 -3.34891e+01 -3.30914e+01 
 1.15325e+03 -3.26916e+01 -3.22897e+01 
 1.18018e+03 -3.18943e+01 -3.14879e+01 
 1.20774e+03 -3.10970e+01 -3.06860e+01 
 1.23594e+03 -3.02998e+01 -2.98841e+01 
 1.26480e+03 -2.95027e+01 -2.90820e+01 
 1.29433e+03 -2.87056e+01 -2.82799e+01 
 1.32456e+03 -2.79086e+01 -2.74777e+01 
 1.35549e+03 -2.71117e+01 -2.66753e+01 
 1.38714e+03 -2.63148e+01 -2.58729e+01 
 1.41953e+03 -2.55180e+01 -2.50703e+01 
 1.45267e+03 -2.47211e+01 -2.42675e+01 
 1.48659e+03 -2.39243e+01 -2.34646e+01 
 1.52131e+03 -2.31276e+01 -2.26615e+01 
 1.55683e+03 -2.23308e+01 -2.18584e+01 
 1.59318e+03 -2.15341e+01 -2.10550e+01 
 1.63038e+03 -2.07375e+01 -2.02516e+01 
 1.66845e+03 -1.99409e+01 -1.94482e+01 
 1.70741e+03 -1.91444e+01 -1.86447e+01 
 1.74728e+03 -1.83481e+01 -1.78413e+01 
 1.78808e+03 -1.75521e+01 -1.70380e+01 
 1.82983e+03 -1.67565e+01 -1.62351e+01 
 1.87256e+03 -1.59614e+01 -1.54328e+01 
 1.91628e+03 -1.51671e+01 -1.46312e+01 
 1.96103e+03 -1.43738e+01 -1.38308e+01 
 2.00682e+03 -1.35819e+01 -1.30319e+01 
 2.05368e+03 -1.27918e+01 -1.22351e+01 
 2.10163e+03 -1.20041e+01 -1.14411e+01 
 2.15071e+03 -1.12195e+01 -1.06507e+01 
 2.20093e+03 -1.04390e+01 -9.86506e+00 
 2.25232e+03 -9.66351e+00 -9.08546e+00 
 2.30491e+03 -8.89453e+00 -8.31353e+00 
 2.35873e+03 -8.13368e+00 -7.55119e+00 
 2.41381e+03 -7.38294e+00 -6.80078e+00 
 2.47017e+03 -6.64467e+00 -6.06503e+00 
 2.52785e+03 -5.92162e+00 -5.34709e+00 
 2.58688e+03 -5.21695e+00 -4.65054e+00 
 2.64728e+03 -4.53424e+00 -3.97936e+00 
 2.70910e+03 -3.87737e+00 -3.33777e+00 
 2.77236e+03 -3.25051e+00 -2.73017e+00 
 2.83709e+03 -2.65790e+00 -2.16089e+00 
 2.90334e+03 -2.10367e+00 -1.63393e+00 
 2.97113e+03 -1.59159e+00 -1.15269e+00 
 3.04051e+03 -1.12480e+00 -7.19716e-01 
 3.11150e+03 -7.05553e-01 -3.36439e-01 
 3.18416e+03 -3.35023e-01 -3.05622e-03 
 3.25851e+03 -1.31840e-02  2.81495e-01 
 3.33460e+03  2.61188e-01  5.19440e-01 
 3.41246e+03  4.90407e-01  7.13973e-01 
 3.49214e+03  6.77679e-01  8.68993e-01 
 3.57369e+03  8.26847e-01  9.88819e-01 
 3.65713e+03  9.42125e-01  1.07792e+00 
 3.74253e+03  1.02785e+00  1.14071e+00 
 3.82992e+03  1.08825e+00  1.18132e+00 
 3.91935e+03  1.12734e+00  1.20358e+00 
 4.01086e+03  1.14876e+00  1.21086e+00 
 4.10452e+03  1.15576e+00  1.20612e+00 
 4.20036e+03  1.15119e+00  1.19189e+00 
 4.29844e+03  1.13746e+00  1.17031e+00 
 4.39881e+03  1.11663e+00  1.14314e+00 
 4.50152e+03  1.09042e+00  1.11186e+00 
 4.60663e+03  1.06022e+00  1.07766e+00 
 4.71420e+03  1.02720e+00  1.04150e+00 
 4.82428e+03  9.92286e-01  1.00415e+00 
 4.93693e+03  9.56225e-01  9.66220e-01 
 5.05220e+03  9.19612e-01  9.28202e-01 
 5.17017e+03  8.82914e-01  8.90463e-01 
 5.29090e+03  8.46495e-01  8.53291e-01 
 5.41444e+03  8.10633e-01  8.16901e-01 
 5.54087e+03  7.75540e-01  7.81453e-01 
 5.67025e+03  7.41369e-01  7.47059e-01 
 5.80266e+03  7.08233e-01  7.13797e-01 
 5.93815e+03  6.76206e-01  6.81717e-01 
 6.07681e+03  6.45336e-01  6.50844e-01 
 6.21870e+03  6.15648e-01  6.21186e-01 
 6.36391e+03  5.87151e-01  5.92739e-01 
 6.51251e+03  5.59838e-01  5.65488e-01 
 6.66458e+03  5.33695e-01  5.39408e-01 
 6.82020e+03  5.08697e-01  5.14471e-01 
 6.97945e+03  4.84815e-01  4.90643e-01 
 7.14242e+03  4.62016e-01  4.67889e-01 
 7.30920e+03  4.40265e-01  4.46169e-01 
 7.47987e+03  4.19522e-01  4.25446e-01 
 7.65453e+03  3.99750e-01  4.05679e-01 
 7.83326e+03  3.80908e-01  3.86829e-01 
 8.01617e+03  3.62958e-01  3.68857e-01 
 8.20335e+03  3.45860e-01  3.51724e-01 
 8.39490e+03  3.29577e-01  3.35394e-01 
 8.59093e+03  3.14071e-01  3.19830e-01 
 8.79153e+03  2.99307e-01  3.04997e-01 
 8.99681e+03  2.85250e-01  2.90861e-01 
 9.20689e+03  2.71865e-01  2.77389e-01 
 9.42187e+03  2.59122e-01  2.64551e-01 
 9.64188e+03  2.46989e-01  2.52317e-01 
 9.86702e+03  2.35437e-01  2.40657e-01 
 1.00974e+04  2.24437e-01  2.29545e-01 
 1.03332e+04  2.13963e-01  2.18954e-01 
 1.05745e+04  2.03989e-01  2.08860e-01 
 1.08214e+04  1.94490e-01  1.99239e-01 
 1.10741e+04  1.85444e-01  1.90068e-01 
 1.13327e+04  1.76828e-01  1.81326e-01 
 1.15973e+04  1.68621e-01  1.72992e-01 
 1.18681e+04  1.60803e-01  1.65047e-01 
 1.21452e+04  1.53355e-01  1.57472e-01 
 1.24288e+04  1.46259e-01  1.50250e-01 
 1.27190e+04  1.39498e-01  1.43364e-01 
 1.30160e+04  1.33056e-01  1.36798e-01 
 1.33199e+04  1.26917e-01  1.30536e-01 
 1.36310e+04  1.21067e-01  1.24564e-01 
 1.39492e+04  1.15491e-01  1.18869e-01 
 1.42750e+04  1.10176e-01  1.13438e-01 
 1.46083e+04  1.05110e-01  1.08257e-01 
 1.49494e+04  1.00281e-01  1.03316e-01 
 1.52985e+04  9.56771e-02  9.86023e-02 
 1.56557e+04  9.12877e-02  9.41061e-02 
 1.60212e+04  8.71027e-02  8.98169e-02 
 1.63953e+04  8.31122e-02  8.57249e-02 
 1.67782e+04  7.93070e-02  8.18211e-02 
 1.71700e+04  7.56783e-02  7.80966e-02 
 1.75709e+04  7.22177e-02  7.45431e-02 
 1.79812e+04  6.89173e-02  7.11525e-02 
 1.84010e+04  6.57694e-02  6.79172e-02 
 1.88307e+04  6.27670e-02  6.48302e-02 
 1.92704e+04  5.99030e-02  6.18845e-02 
 1.97204e+04  5.71711e-02  5.90735e-02 
 2.01808e+04  5.45650e-02  5.63909e-02 
 2.06521e+04  5.20788e-02  5.38310e-02 
 2.11343e+04  4.97069e-02  5.13879e-02 
 2.16278e+04  4.74440e-02  4.90564e-02 
 2.21328e+04  4.52849e-02  4.68312e-02 
 2.26496e+04  4.32249e-02  4.47074e-02 
 2.31785e+04  4.12593e-02  4.26804e-02 
 2.37197e+04  3.93838e-02  4.07458e-02 
 2.42736e+04  3.75941e-02  3.88992e-02 
 2.48404e+04  3.58863e-02  3.71367e-02 
 2.54204e+04  3.42565e-02  3.54544e-02 
 2.60140e+04  3.27012e-02  3.38485e-02 
 2.66214e+04  3.12170e-02  3.23157e-02 
 2.72430e+04  2.98005e-02  3.08526e-02 
 2.78792e+04  2.84486e-02  2.94559e-02 
 2.85302e+04  2.71584e-02  2.81226e-02 
 2.91963e+04  2.59270e-02  2.68499e-02 
 2.98781e+04  2.47516e-02  2.56349e-02 
 3.05757e+04  2.36298e-02  2.44751e-02 
 3.12897e+04  2.25591e-02  2.33679e-02 
 3.20203e+04  2.15370e-02  2.23110e-02 
 3.27680e+04  2.05615e-02  2.13019e-02 
